(kicad_pcb (version 20171130) (host pcbnew "(5.1.5)-3")

  (general
    (thickness 1.6)
    (drawings 5)
    (tracks 0)
    (zones 0)
    (modules 29)
    (nets 73)
  )

  (page A4)
  (layers
    (0 F.Cu signal)
    (31 B.Cu signal)
    (32 B.Adhes user)
    (33 F.Adhes user)
    (34 B.Paste user)
    (35 F.Paste user)
    (36 B.SilkS user)
    (37 F.SilkS user)
    (38 B.Mask user)
    (39 F.Mask user)
    (40 Dwgs.User user)
    (41 Cmts.User user)
    (42 Eco1.User user)
    (43 Eco2.User user)
    (44 Edge.Cuts user)
    (45 Margin user)
    (46 B.CrtYd user)
    (47 F.CrtYd user)
    (48 B.Fab user)
    (49 F.Fab user)
  )

  (setup
    (last_trace_width 0.25)
    (trace_clearance 0.2)
    (zone_clearance 0.508)
    (zone_45_only no)
    (trace_min 0.2)
    (via_size 0.8)
    (via_drill 0.4)
    (via_min_size 0.4)
    (via_min_drill 0.3)
    (uvia_size 0.3)
    (uvia_drill 0.1)
    (uvias_allowed no)
    (uvia_min_size 0.2)
    (uvia_min_drill 0.1)
    (edge_width 0.15)
    (segment_width 0.2)
    (pcb_text_width 0.3)
    (pcb_text_size 1.5 1.5)
    (mod_edge_width 0.15)
    (mod_text_size 1 1)
    (mod_text_width 0.15)
    (pad_size 1.524 1.524)
    (pad_drill 0.762)
    (pad_to_mask_clearance 0.051)
    (solder_mask_min_width 0.25)
    (aux_axis_origin 0 0)
    (visible_elements 7FFFFFFF)
    (pcbplotparams
      (layerselection 0x010fc_ffffffff)
      (usegerberextensions false)
      (usegerberattributes false)
      (usegerberadvancedattributes false)
      (creategerberjobfile false)
      (excludeedgelayer true)
      (linewidth 0.100000)
      (plotframeref false)
      (viasonmask false)
      (mode 1)
      (useauxorigin false)
      (hpglpennumber 1)
      (hpglpenspeed 20)
      (hpglpendiameter 15.000000)
      (psnegative false)
      (psa4output false)
      (plotreference true)
      (plotvalue true)
      (plotinvisibletext false)
      (padsonsilk false)
      (subtractmaskfromsilk false)
      (outputformat 1)
      (mirror false)
      (drillshape 1)
      (scaleselection 1)
      (outputdirectory ""))
  )

  (net 0 "")
  (net 1 "Net-(J4-Pad4)")
  (net 2 "Net-(J4-Pad3)")
  (net 3 "Net-(J4-Pad2)")
  (net 4 +BATT)
  (net 5 GND)
  (net 6 "Net-(C1-Pad1)")
  (net 7 "Net-(C2-Pad1)")
  (net 8 "Net-(C3-Pad1)")
  (net 9 "Net-(C4-Pad1)")
  (net 10 +5V)
  (net 11 "Net-(D1-Pad1)")
  (net 12 /LEFT_D)
  (net 13 /LEFT_B)
  (net 14 /LEFT_C)
  (net 15 /LEFT_A)
  (net 16 /RIGHT_A)
  (net 17 /RIGHT_C)
  (net 18 /RIGHT_B)
  (net 19 /RIGHT_D)
  (net 20 /IR_VOUT)
  (net 21 "Net-(R2-Pad1)")
  (net 22 +3V3)
  (net 23 /USB_D+)
  (net 24 /USB_D-)
  (net 25 "Net-(R5-Pad1)")
  (net 26 "Net-(R6-Pad2)")
  (net 27 "Net-(R7-Pad1)")
  (net 28 "Net-(SW4-Pad1)")
  (net 29 /RIGHT_A_IO)
  (net 30 /RIGHT_B_IO)
  (net 31 /RIGHT_D_IO)
  (net 32 /RIGHT_C_IO)
  (net 33 /RIGHT_FAULT)
  (net 34 /MOTOR_SLEEP)
  (net 35 "Net-(U4-Pad4)")
  (net 36 "Net-(U4-Pad5)")
  (net 37 "Net-(U4-Pad7)")
  (net 38 "Net-(U4-Pad9)")
  (net 39 "Net-(U4-Pad13)")
  (net 40 "Net-(U4-Pad14)")
  (net 41 "Net-(U4-Pad16)")
  (net 42 "Net-(U4-Pad17)")
  (net 43 "Net-(U4-Pad18)")
  (net 44 "Net-(U4-Pad19)")
  (net 45 "Net-(U4-Pad20)")
  (net 46 "Net-(U4-Pad21)")
  (net 47 "Net-(U4-Pad22)")
  (net 48 "Net-(U4-Pad23)")
  (net 49 "Net-(U4-Pad24)")
  (net 50 "Net-(U4-Pad26)")
  (net 51 /LEFT_FAULT)
  (net 52 "Net-(U4-Pad29)")
  (net 53 /LEFT_A_IO)
  (net 54 "Net-(U4-Pad32)")
  (net 55 /LEFT_B_IO)
  (net 56 /ESP_RXD0)
  (net 57 /ESP_TXD0)
  (net 58 /LEFT_C_IO)
  (net 59 /LEFT_D_IO)
  (net 60 "Net-(U6-Pad1)")
  (net 61 "Net-(U6-Pad2)")
  (net 62 "Net-(U6-Pad4)")
  (net 63 "Net-(U6-Pad5)")
  (net 64 "Net-(U6-Pad7)")
  (net 65 "Net-(U6-Pad8)")
  (net 66 "Net-(U6-Pad9)")
  (net 67 "Net-(U6-Pad10)")
  (net 68 "Net-(U6-Pad14)")
  (net 69 "Net-(U6-Pad17)")
  (net 70 "Net-(U6-Pad18)")
  (net 71 "Net-(U6-Pad19)")
  (net 72 "Net-(U6-Pad20)")

  (net_class Default "This is the default net class."
    (clearance 0.2)
    (trace_width 0.25)
    (via_dia 0.8)
    (via_drill 0.4)
    (uvia_dia 0.3)
    (uvia_drill 0.1)
    (add_net +3V3)
    (add_net +5V)
    (add_net +BATT)
    (add_net /ESP_RXD0)
    (add_net /ESP_TXD0)
    (add_net /IR_VOUT)
    (add_net /LEFT_A)
    (add_net /LEFT_A_IO)
    (add_net /LEFT_B)
    (add_net /LEFT_B_IO)
    (add_net /LEFT_C)
    (add_net /LEFT_C_IO)
    (add_net /LEFT_D)
    (add_net /LEFT_D_IO)
    (add_net /LEFT_FAULT)
    (add_net /MOTOR_SLEEP)
    (add_net /RIGHT_A)
    (add_net /RIGHT_A_IO)
    (add_net /RIGHT_B)
    (add_net /RIGHT_B_IO)
    (add_net /RIGHT_C)
    (add_net /RIGHT_C_IO)
    (add_net /RIGHT_D)
    (add_net /RIGHT_D_IO)
    (add_net /RIGHT_FAULT)
    (add_net /USB_D+)
    (add_net /USB_D-)
    (add_net GND)
    (add_net "Net-(C1-Pad1)")
    (add_net "Net-(C2-Pad1)")
    (add_net "Net-(C3-Pad1)")
    (add_net "Net-(C4-Pad1)")
    (add_net "Net-(D1-Pad1)")
    (add_net "Net-(J4-Pad2)")
    (add_net "Net-(J4-Pad3)")
    (add_net "Net-(J4-Pad4)")
    (add_net "Net-(R2-Pad1)")
    (add_net "Net-(R5-Pad1)")
    (add_net "Net-(R6-Pad2)")
    (add_net "Net-(R7-Pad1)")
    (add_net "Net-(SW4-Pad1)")
    (add_net "Net-(U4-Pad13)")
    (add_net "Net-(U4-Pad14)")
    (add_net "Net-(U4-Pad16)")
    (add_net "Net-(U4-Pad17)")
    (add_net "Net-(U4-Pad18)")
    (add_net "Net-(U4-Pad19)")
    (add_net "Net-(U4-Pad20)")
    (add_net "Net-(U4-Pad21)")
    (add_net "Net-(U4-Pad22)")
    (add_net "Net-(U4-Pad23)")
    (add_net "Net-(U4-Pad24)")
    (add_net "Net-(U4-Pad26)")
    (add_net "Net-(U4-Pad29)")
    (add_net "Net-(U4-Pad32)")
    (add_net "Net-(U4-Pad4)")
    (add_net "Net-(U4-Pad5)")
    (add_net "Net-(U4-Pad7)")
    (add_net "Net-(U4-Pad9)")
    (add_net "Net-(U6-Pad1)")
    (add_net "Net-(U6-Pad10)")
    (add_net "Net-(U6-Pad14)")
    (add_net "Net-(U6-Pad17)")
    (add_net "Net-(U6-Pad18)")
    (add_net "Net-(U6-Pad19)")
    (add_net "Net-(U6-Pad2)")
    (add_net "Net-(U6-Pad20)")
    (add_net "Net-(U6-Pad4)")
    (add_net "Net-(U6-Pad5)")
    (add_net "Net-(U6-Pad7)")
    (add_net "Net-(U6-Pad8)")
    (add_net "Net-(U6-Pad9)")
  )

  (module Connector_Molex:Molex_PicoBlade_53398-0271_1x02-1MP_P1.25mm_Vertical (layer F.Cu) (tedit 5B78AD88) (tstamp 5EF610F4)
    (at 234.555001 65.925001)
    (descr "Molex PicoBlade series connector, 53398-0271 (http://www.molex.com/pdm_docs/sd/533980271_sd.pdf), generated with kicad-footprint-generator")
    (tags "connector Molex PicoBlade side entry")
    (path /5EF109A6)
    (attr smd)
    (fp_text reference BT1 (at 0 -3.1) (layer F.SilkS)
      (effects (font (size 1 1) (thickness 0.15)))
    )
    (fp_text value Battery_Cell (at 0 4.2) (layer F.Fab)
      (effects (font (size 1 1) (thickness 0.15)))
    )
    (fp_line (start -2.125 -1.1) (end 2.125 -1.1) (layer F.Fab) (width 0.1))
    (fp_line (start -2.235 -0.26) (end -2.235 -1.21) (layer F.SilkS) (width 0.12))
    (fp_line (start -2.235 -1.21) (end -1.285 -1.21) (layer F.SilkS) (width 0.12))
    (fp_line (start -1.285 -1.21) (end -1.285 -1.9) (layer F.SilkS) (width 0.12))
    (fp_line (start 2.235 -0.26) (end 2.235 -1.21) (layer F.SilkS) (width 0.12))
    (fp_line (start 2.235 -1.21) (end 1.285 -1.21) (layer F.SilkS) (width 0.12))
    (fp_line (start -1.865 2.71) (end 1.865 2.71) (layer F.SilkS) (width 0.12))
    (fp_line (start -2.125 2.6) (end 2.125 2.6) (layer F.Fab) (width 0.1))
    (fp_line (start -2.125 -1.1) (end -2.125 2.6) (layer F.Fab) (width 0.1))
    (fp_line (start 2.125 -1.1) (end 2.125 2.6) (layer F.Fab) (width 0.1))
    (fp_line (start -0.775 1.225) (end -0.775 1.825) (layer F.Fab) (width 0.1))
    (fp_line (start -0.775 1.825) (end -0.475 1.825) (layer F.Fab) (width 0.1))
    (fp_line (start -0.475 1.825) (end -0.475 1.225) (layer F.Fab) (width 0.1))
    (fp_line (start -0.475 1.225) (end -0.775 1.225) (layer F.Fab) (width 0.1))
    (fp_line (start 0.475 1.225) (end 0.475 1.825) (layer F.Fab) (width 0.1))
    (fp_line (start 0.475 1.825) (end 0.775 1.825) (layer F.Fab) (width 0.1))
    (fp_line (start 0.775 1.825) (end 0.775 1.225) (layer F.Fab) (width 0.1))
    (fp_line (start 0.775 1.225) (end 0.475 1.225) (layer F.Fab) (width 0.1))
    (fp_line (start -2.125 2.6) (end -3.625 2.6) (layer F.Fab) (width 0.1))
    (fp_line (start -3.625 2.6) (end -3.825 2.4) (layer F.Fab) (width 0.1))
    (fp_line (start -3.825 2.4) (end -3.825 0.6) (layer F.Fab) (width 0.1))
    (fp_line (start -3.825 0.6) (end -3.625 0.4) (layer F.Fab) (width 0.1))
    (fp_line (start -3.625 0.4) (end -3.625 -0.2) (layer F.Fab) (width 0.1))
    (fp_line (start -3.625 -0.2) (end -2.125 -0.2) (layer F.Fab) (width 0.1))
    (fp_line (start 2.125 2.6) (end 3.625 2.6) (layer F.Fab) (width 0.1))
    (fp_line (start 3.625 2.6) (end 3.825 2.4) (layer F.Fab) (width 0.1))
    (fp_line (start 3.825 2.4) (end 3.825 0.6) (layer F.Fab) (width 0.1))
    (fp_line (start 3.825 0.6) (end 3.625 0.4) (layer F.Fab) (width 0.1))
    (fp_line (start 3.625 0.4) (end 3.625 -0.2) (layer F.Fab) (width 0.1))
    (fp_line (start 3.625 -0.2) (end 2.125 -0.2) (layer F.Fab) (width 0.1))
    (fp_line (start -4.72 -2.4) (end -4.72 3.5) (layer F.CrtYd) (width 0.05))
    (fp_line (start -4.72 3.5) (end 4.72 3.5) (layer F.CrtYd) (width 0.05))
    (fp_line (start 4.72 3.5) (end 4.72 -2.4) (layer F.CrtYd) (width 0.05))
    (fp_line (start 4.72 -2.4) (end -4.72 -2.4) (layer F.CrtYd) (width 0.05))
    (fp_line (start -1.125 -1.1) (end -0.625 -0.392893) (layer F.Fab) (width 0.1))
    (fp_line (start -0.625 -0.392893) (end -0.125 -1.1) (layer F.Fab) (width 0.1))
    (fp_text user %R (at 0 0.4) (layer F.Fab)
      (effects (font (size 1 1) (thickness 0.15)))
    )
    (pad 1 smd roundrect (at -0.625 -1.25) (size 0.8 1.3) (layers F.Cu F.Paste F.Mask) (roundrect_rratio 0.25)
      (net 4 +BATT))
    (pad 2 smd roundrect (at 0.625 -1.25) (size 0.8 1.3) (layers F.Cu F.Paste F.Mask) (roundrect_rratio 0.25)
      (net 5 GND))
    (pad MP smd roundrect (at -3.175 1.5) (size 2.1 3) (layers F.Cu F.Paste F.Mask) (roundrect_rratio 0.119048))
    (pad MP smd roundrect (at 3.175 1.5) (size 2.1 3) (layers F.Cu F.Paste F.Mask) (roundrect_rratio 0.119048))
    (model ${KISYS3DMOD}/Connector_Molex.3dshapes/Molex_PicoBlade_53398-0271_1x02-1MP_P1.25mm_Vertical.wrl
      (at (xyz 0 0 0))
      (scale (xyz 1 1 1))
      (rotate (xyz 0 0 0))
    )
  )

  (module Capacitor_SMD:C_0805_2012Metric_Pad1.15x1.40mm_HandSolder (layer F.Cu) (tedit 5B36C52B) (tstamp 5EF61105)
    (at 187.835001 97.025001)
    (descr "Capacitor SMD 0805 (2012 Metric), square (rectangular) end terminal, IPC_7351 nominal with elongated pad for handsoldering. (Body size source: https://docs.google.com/spreadsheets/d/1BsfQQcO9C6DZCsRaXUlFlo91Tg2WpOkGARC1WS5S8t0/edit?usp=sharing), generated with kicad-footprint-generator")
    (tags "capacitor handsolder")
    (path /5EFDBB1A)
    (attr smd)
    (fp_text reference C1 (at 0 -1.65) (layer F.SilkS)
      (effects (font (size 1 1) (thickness 0.15)))
    )
    (fp_text value 0.01uF (at 0 1.65) (layer F.Fab)
      (effects (font (size 1 1) (thickness 0.15)))
    )
    (fp_line (start -1 0.6) (end -1 -0.6) (layer F.Fab) (width 0.1))
    (fp_line (start -1 -0.6) (end 1 -0.6) (layer F.Fab) (width 0.1))
    (fp_line (start 1 -0.6) (end 1 0.6) (layer F.Fab) (width 0.1))
    (fp_line (start 1 0.6) (end -1 0.6) (layer F.Fab) (width 0.1))
    (fp_line (start -0.261252 -0.71) (end 0.261252 -0.71) (layer F.SilkS) (width 0.12))
    (fp_line (start -0.261252 0.71) (end 0.261252 0.71) (layer F.SilkS) (width 0.12))
    (fp_line (start -1.85 0.95) (end -1.85 -0.95) (layer F.CrtYd) (width 0.05))
    (fp_line (start -1.85 -0.95) (end 1.85 -0.95) (layer F.CrtYd) (width 0.05))
    (fp_line (start 1.85 -0.95) (end 1.85 0.95) (layer F.CrtYd) (width 0.05))
    (fp_line (start 1.85 0.95) (end -1.85 0.95) (layer F.CrtYd) (width 0.05))
    (fp_text user %R (at 0 0) (layer F.Fab)
      (effects (font (size 0.5 0.5) (thickness 0.08)))
    )
    (pad 1 smd roundrect (at -1.025 0) (size 1.15 1.4) (layers F.Cu F.Paste F.Mask) (roundrect_rratio 0.217391)
      (net 6 "Net-(C1-Pad1)"))
    (pad 2 smd roundrect (at 1.025 0) (size 1.15 1.4) (layers F.Cu F.Paste F.Mask) (roundrect_rratio 0.217391)
      (net 4 +BATT))
    (model ${KISYS3DMOD}/Capacitor_SMD.3dshapes/C_0805_2012Metric.wrl
      (at (xyz 0 0 0))
      (scale (xyz 1 1 1))
      (rotate (xyz 0 0 0))
    )
  )

  (module Capacitor_SMD:C_0805_2012Metric_Pad1.15x1.40mm_HandSolder (layer F.Cu) (tedit 5B36C52B) (tstamp 5EF61116)
    (at 197.335001 97.025001)
    (descr "Capacitor SMD 0805 (2012 Metric), square (rectangular) end terminal, IPC_7351 nominal with elongated pad for handsoldering. (Body size source: https://docs.google.com/spreadsheets/d/1BsfQQcO9C6DZCsRaXUlFlo91Tg2WpOkGARC1WS5S8t0/edit?usp=sharing), generated with kicad-footprint-generator")
    (tags "capacitor handsolder")
    (path /5EFB899B)
    (attr smd)
    (fp_text reference C2 (at 0 -1.65) (layer F.SilkS)
      (effects (font (size 1 1) (thickness 0.15)))
    )
    (fp_text value 0.01uF (at 0 1.65) (layer F.Fab)
      (effects (font (size 1 1) (thickness 0.15)))
    )
    (fp_line (start -1 0.6) (end -1 -0.6) (layer F.Fab) (width 0.1))
    (fp_line (start -1 -0.6) (end 1 -0.6) (layer F.Fab) (width 0.1))
    (fp_line (start 1 -0.6) (end 1 0.6) (layer F.Fab) (width 0.1))
    (fp_line (start 1 0.6) (end -1 0.6) (layer F.Fab) (width 0.1))
    (fp_line (start -0.261252 -0.71) (end 0.261252 -0.71) (layer F.SilkS) (width 0.12))
    (fp_line (start -0.261252 0.71) (end 0.261252 0.71) (layer F.SilkS) (width 0.12))
    (fp_line (start -1.85 0.95) (end -1.85 -0.95) (layer F.CrtYd) (width 0.05))
    (fp_line (start -1.85 -0.95) (end 1.85 -0.95) (layer F.CrtYd) (width 0.05))
    (fp_line (start 1.85 -0.95) (end 1.85 0.95) (layer F.CrtYd) (width 0.05))
    (fp_line (start 1.85 0.95) (end -1.85 0.95) (layer F.CrtYd) (width 0.05))
    (fp_text user %R (at 0 0) (layer F.Fab)
      (effects (font (size 0.5 0.5) (thickness 0.08)))
    )
    (pad 1 smd roundrect (at -1.025 0) (size 1.15 1.4) (layers F.Cu F.Paste F.Mask) (roundrect_rratio 0.217391)
      (net 7 "Net-(C2-Pad1)"))
    (pad 2 smd roundrect (at 1.025 0) (size 1.15 1.4) (layers F.Cu F.Paste F.Mask) (roundrect_rratio 0.217391)
      (net 4 +BATT))
    (model ${KISYS3DMOD}/Capacitor_SMD.3dshapes/C_0805_2012Metric.wrl
      (at (xyz 0 0 0))
      (scale (xyz 1 1 1))
      (rotate (xyz 0 0 0))
    )
  )

  (module Capacitor_SMD:C_0805_2012Metric_Pad1.15x1.40mm_HandSolder (layer F.Cu) (tedit 5B36C52B) (tstamp 5EF61127)
    (at 225.385001 70.625001)
    (descr "Capacitor SMD 0805 (2012 Metric), square (rectangular) end terminal, IPC_7351 nominal with elongated pad for handsoldering. (Body size source: https://docs.google.com/spreadsheets/d/1BsfQQcO9C6DZCsRaXUlFlo91Tg2WpOkGARC1WS5S8t0/edit?usp=sharing), generated with kicad-footprint-generator")
    (tags "capacitor handsolder")
    (path /5EFDBB03)
    (attr smd)
    (fp_text reference C3 (at 0 -1.65) (layer F.SilkS)
      (effects (font (size 1 1) (thickness 0.15)))
    )
    (fp_text value C_Small (at 0 1.65) (layer F.Fab)
      (effects (font (size 1 1) (thickness 0.15)))
    )
    (fp_text user %R (at 0 0) (layer F.Fab)
      (effects (font (size 0.5 0.5) (thickness 0.08)))
    )
    (fp_line (start 1.85 0.95) (end -1.85 0.95) (layer F.CrtYd) (width 0.05))
    (fp_line (start 1.85 -0.95) (end 1.85 0.95) (layer F.CrtYd) (width 0.05))
    (fp_line (start -1.85 -0.95) (end 1.85 -0.95) (layer F.CrtYd) (width 0.05))
    (fp_line (start -1.85 0.95) (end -1.85 -0.95) (layer F.CrtYd) (width 0.05))
    (fp_line (start -0.261252 0.71) (end 0.261252 0.71) (layer F.SilkS) (width 0.12))
    (fp_line (start -0.261252 -0.71) (end 0.261252 -0.71) (layer F.SilkS) (width 0.12))
    (fp_line (start 1 0.6) (end -1 0.6) (layer F.Fab) (width 0.1))
    (fp_line (start 1 -0.6) (end 1 0.6) (layer F.Fab) (width 0.1))
    (fp_line (start -1 -0.6) (end 1 -0.6) (layer F.Fab) (width 0.1))
    (fp_line (start -1 0.6) (end -1 -0.6) (layer F.Fab) (width 0.1))
    (pad 2 smd roundrect (at 1.025 0) (size 1.15 1.4) (layers F.Cu F.Paste F.Mask) (roundrect_rratio 0.217391)
      (net 5 GND))
    (pad 1 smd roundrect (at -1.025 0) (size 1.15 1.4) (layers F.Cu F.Paste F.Mask) (roundrect_rratio 0.217391)
      (net 8 "Net-(C3-Pad1)"))
    (model ${KISYS3DMOD}/Capacitor_SMD.3dshapes/C_0805_2012Metric.wrl
      (at (xyz 0 0 0))
      (scale (xyz 1 1 1))
      (rotate (xyz 0 0 0))
    )
  )

  (module Capacitor_SMD:C_0805_2012Metric_Pad1.15x1.40mm_HandSolder (layer F.Cu) (tedit 5B36C52B) (tstamp 5EF61138)
    (at 230.685001 78.175001)
    (descr "Capacitor SMD 0805 (2012 Metric), square (rectangular) end terminal, IPC_7351 nominal with elongated pad for handsoldering. (Body size source: https://docs.google.com/spreadsheets/d/1BsfQQcO9C6DZCsRaXUlFlo91Tg2WpOkGARC1WS5S8t0/edit?usp=sharing), generated with kicad-footprint-generator")
    (tags "capacitor handsolder")
    (path /5EF9CB92)
    (attr smd)
    (fp_text reference C4 (at 0 -1.65) (layer F.SilkS)
      (effects (font (size 1 1) (thickness 0.15)))
    )
    (fp_text value C_Small (at 0 1.65) (layer F.Fab)
      (effects (font (size 1 1) (thickness 0.15)))
    )
    (fp_text user %R (at 0 0) (layer F.Fab)
      (effects (font (size 0.5 0.5) (thickness 0.08)))
    )
    (fp_line (start 1.85 0.95) (end -1.85 0.95) (layer F.CrtYd) (width 0.05))
    (fp_line (start 1.85 -0.95) (end 1.85 0.95) (layer F.CrtYd) (width 0.05))
    (fp_line (start -1.85 -0.95) (end 1.85 -0.95) (layer F.CrtYd) (width 0.05))
    (fp_line (start -1.85 0.95) (end -1.85 -0.95) (layer F.CrtYd) (width 0.05))
    (fp_line (start -0.261252 0.71) (end 0.261252 0.71) (layer F.SilkS) (width 0.12))
    (fp_line (start -0.261252 -0.71) (end 0.261252 -0.71) (layer F.SilkS) (width 0.12))
    (fp_line (start 1 0.6) (end -1 0.6) (layer F.Fab) (width 0.1))
    (fp_line (start 1 -0.6) (end 1 0.6) (layer F.Fab) (width 0.1))
    (fp_line (start -1 -0.6) (end 1 -0.6) (layer F.Fab) (width 0.1))
    (fp_line (start -1 0.6) (end -1 -0.6) (layer F.Fab) (width 0.1))
    (pad 2 smd roundrect (at 1.025 0) (size 1.15 1.4) (layers F.Cu F.Paste F.Mask) (roundrect_rratio 0.217391)
      (net 5 GND))
    (pad 1 smd roundrect (at -1.025 0) (size 1.15 1.4) (layers F.Cu F.Paste F.Mask) (roundrect_rratio 0.217391)
      (net 9 "Net-(C4-Pad1)"))
    (model ${KISYS3DMOD}/Capacitor_SMD.3dshapes/C_0805_2012Metric.wrl
      (at (xyz 0 0 0))
      (scale (xyz 1 1 1))
      (rotate (xyz 0 0 0))
    )
  )

  (module Capacitor_SMD:C_0805_2012Metric_Pad1.15x1.40mm_HandSolder (layer F.Cu) (tedit 5B36C52B) (tstamp 5EF61149)
    (at 228.685001 84.125001)
    (descr "Capacitor SMD 0805 (2012 Metric), square (rectangular) end terminal, IPC_7351 nominal with elongated pad for handsoldering. (Body size source: https://docs.google.com/spreadsheets/d/1BsfQQcO9C6DZCsRaXUlFlo91Tg2WpOkGARC1WS5S8t0/edit?usp=sharing), generated with kicad-footprint-generator")
    (tags "capacitor handsolder")
    (path /5F108913)
    (attr smd)
    (fp_text reference C5 (at 0 -1.65) (layer F.SilkS)
      (effects (font (size 1 1) (thickness 0.15)))
    )
    (fp_text value 4.7uF (at 0 1.65) (layer F.Fab)
      (effects (font (size 1 1) (thickness 0.15)))
    )
    (fp_text user %R (at 0 0) (layer F.Fab)
      (effects (font (size 0.5 0.5) (thickness 0.08)))
    )
    (fp_line (start 1.85 0.95) (end -1.85 0.95) (layer F.CrtYd) (width 0.05))
    (fp_line (start 1.85 -0.95) (end 1.85 0.95) (layer F.CrtYd) (width 0.05))
    (fp_line (start -1.85 -0.95) (end 1.85 -0.95) (layer F.CrtYd) (width 0.05))
    (fp_line (start -1.85 0.95) (end -1.85 -0.95) (layer F.CrtYd) (width 0.05))
    (fp_line (start -0.261252 0.71) (end 0.261252 0.71) (layer F.SilkS) (width 0.12))
    (fp_line (start -0.261252 -0.71) (end 0.261252 -0.71) (layer F.SilkS) (width 0.12))
    (fp_line (start 1 0.6) (end -1 0.6) (layer F.Fab) (width 0.1))
    (fp_line (start 1 -0.6) (end 1 0.6) (layer F.Fab) (width 0.1))
    (fp_line (start -1 -0.6) (end 1 -0.6) (layer F.Fab) (width 0.1))
    (fp_line (start -1 0.6) (end -1 -0.6) (layer F.Fab) (width 0.1))
    (pad 2 smd roundrect (at 1.025 0) (size 1.15 1.4) (layers F.Cu F.Paste F.Mask) (roundrect_rratio 0.217391)
      (net 5 GND))
    (pad 1 smd roundrect (at -1.025 0) (size 1.15 1.4) (layers F.Cu F.Paste F.Mask) (roundrect_rratio 0.217391)
      (net 10 +5V))
    (model ${KISYS3DMOD}/Capacitor_SMD.3dshapes/C_0805_2012Metric.wrl
      (at (xyz 0 0 0))
      (scale (xyz 1 1 1))
      (rotate (xyz 0 0 0))
    )
  )

  (module Capacitor_SMD:C_0805_2012Metric_Pad1.15x1.40mm_HandSolder (layer F.Cu) (tedit 5B36C52B) (tstamp 5EF6115A)
    (at 230.685001 81.125001)
    (descr "Capacitor SMD 0805 (2012 Metric), square (rectangular) end terminal, IPC_7351 nominal with elongated pad for handsoldering. (Body size source: https://docs.google.com/spreadsheets/d/1BsfQQcO9C6DZCsRaXUlFlo91Tg2WpOkGARC1WS5S8t0/edit?usp=sharing), generated with kicad-footprint-generator")
    (tags "capacitor handsolder")
    (path /5F15B941)
    (attr smd)
    (fp_text reference C6 (at 0 -1.65) (layer F.SilkS)
      (effects (font (size 1 1) (thickness 0.15)))
    )
    (fp_text value 4.7uF (at 0 1.65) (layer F.Fab)
      (effects (font (size 1 1) (thickness 0.15)))
    )
    (fp_line (start -1 0.6) (end -1 -0.6) (layer F.Fab) (width 0.1))
    (fp_line (start -1 -0.6) (end 1 -0.6) (layer F.Fab) (width 0.1))
    (fp_line (start 1 -0.6) (end 1 0.6) (layer F.Fab) (width 0.1))
    (fp_line (start 1 0.6) (end -1 0.6) (layer F.Fab) (width 0.1))
    (fp_line (start -0.261252 -0.71) (end 0.261252 -0.71) (layer F.SilkS) (width 0.12))
    (fp_line (start -0.261252 0.71) (end 0.261252 0.71) (layer F.SilkS) (width 0.12))
    (fp_line (start -1.85 0.95) (end -1.85 -0.95) (layer F.CrtYd) (width 0.05))
    (fp_line (start -1.85 -0.95) (end 1.85 -0.95) (layer F.CrtYd) (width 0.05))
    (fp_line (start 1.85 -0.95) (end 1.85 0.95) (layer F.CrtYd) (width 0.05))
    (fp_line (start 1.85 0.95) (end -1.85 0.95) (layer F.CrtYd) (width 0.05))
    (fp_text user %R (at 0 0) (layer F.Fab)
      (effects (font (size 0.5 0.5) (thickness 0.08)))
    )
    (pad 1 smd roundrect (at -1.025 0) (size 1.15 1.4) (layers F.Cu F.Paste F.Mask) (roundrect_rratio 0.217391)
      (net 4 +BATT))
    (pad 2 smd roundrect (at 1.025 0) (size 1.15 1.4) (layers F.Cu F.Paste F.Mask) (roundrect_rratio 0.217391)
      (net 5 GND))
    (model ${KISYS3DMOD}/Capacitor_SMD.3dshapes/C_0805_2012Metric.wrl
      (at (xyz 0 0 0))
      (scale (xyz 1 1 1))
      (rotate (xyz 0 0 0))
    )
  )

  (module LED_SMD:LED_0603_1608Metric (layer F.Cu) (tedit 5B301BBE) (tstamp 5EF6116D)
    (at 225.055001 73.395001)
    (descr "LED SMD 0603 (1608 Metric), square (rectangular) end terminal, IPC_7351 nominal, (Body size source: http://www.tortai-tech.com/upload/download/2011102023233369053.pdf), generated with kicad-footprint-generator")
    (tags diode)
    (path /5F11C8EE)
    (attr smd)
    (fp_text reference D1 (at 0 -1.43) (layer F.SilkS)
      (effects (font (size 1 1) (thickness 0.15)))
    )
    (fp_text value LED_Small (at 0 1.43) (layer F.Fab)
      (effects (font (size 1 1) (thickness 0.15)))
    )
    (fp_line (start 0.8 -0.4) (end -0.5 -0.4) (layer F.Fab) (width 0.1))
    (fp_line (start -0.5 -0.4) (end -0.8 -0.1) (layer F.Fab) (width 0.1))
    (fp_line (start -0.8 -0.1) (end -0.8 0.4) (layer F.Fab) (width 0.1))
    (fp_line (start -0.8 0.4) (end 0.8 0.4) (layer F.Fab) (width 0.1))
    (fp_line (start 0.8 0.4) (end 0.8 -0.4) (layer F.Fab) (width 0.1))
    (fp_line (start 0.8 -0.735) (end -1.485 -0.735) (layer F.SilkS) (width 0.12))
    (fp_line (start -1.485 -0.735) (end -1.485 0.735) (layer F.SilkS) (width 0.12))
    (fp_line (start -1.485 0.735) (end 0.8 0.735) (layer F.SilkS) (width 0.12))
    (fp_line (start -1.48 0.73) (end -1.48 -0.73) (layer F.CrtYd) (width 0.05))
    (fp_line (start -1.48 -0.73) (end 1.48 -0.73) (layer F.CrtYd) (width 0.05))
    (fp_line (start 1.48 -0.73) (end 1.48 0.73) (layer F.CrtYd) (width 0.05))
    (fp_line (start 1.48 0.73) (end -1.48 0.73) (layer F.CrtYd) (width 0.05))
    (fp_text user %R (at 0 0) (layer F.Fab)
      (effects (font (size 0.4 0.4) (thickness 0.06)))
    )
    (pad 1 smd roundrect (at -0.7875 0) (size 0.875 0.95) (layers F.Cu F.Paste F.Mask) (roundrect_rratio 0.25)
      (net 11 "Net-(D1-Pad1)"))
    (pad 2 smd roundrect (at 0.7875 0) (size 0.875 0.95) (layers F.Cu F.Paste F.Mask) (roundrect_rratio 0.25)
      (net 10 +5V))
    (model ${KISYS3DMOD}/LED_SMD.3dshapes/LED_0603_1608Metric.wrl
      (at (xyz 0 0 0))
      (scale (xyz 1 1 1))
      (rotate (xyz 0 0 0))
    )
  )

  (module Connector_USB:USB_Mini-B_Wuerth_65100516121_Horizontal (layer F.Cu) (tedit 5D90ED94) (tstamp 5EF6119D)
    (at 134.62 72.39 90)
    (descr "Mini USB 2.0 Type B SMT Horizontal 5 Contacts (https://katalog.we-online.de/em/datasheet/65100516121.pdf)")
    (tags "Mini USB 2.0 Type B")
    (path /5EF118EB)
    (attr smd)
    (fp_text reference J4 (at 0 -5.25 90) (layer F.SilkS)
      (effects (font (size 1 1) (thickness 0.15)))
    )
    (fp_text value USB_B_Mini (at 0 7.35 90) (layer F.Fab)
      (effects (font (size 1 1) (thickness 0.15)))
    )
    (fp_line (start -3.85 -3.35) (end -1.9 -3.35) (layer F.Fab) (width 0.1))
    (fp_line (start 3.85 -3.35) (end 3.85 5.9) (layer F.Fab) (width 0.1))
    (fp_line (start 3.85 5.9) (end -3.85 5.9) (layer F.Fab) (width 0.1))
    (fp_line (start -3.85 5.9) (end -3.85 -3.35) (layer F.Fab) (width 0.1))
    (fp_line (start -3.96 1.45) (end -3.96 -1.15) (layer F.SilkS) (width 0.12))
    (fp_line (start 3.96 -1.15) (end 3.96 1.45) (layer F.SilkS) (width 0.12))
    (fp_line (start -3.2 -3.46) (end -2.05 -3.46) (layer F.SilkS) (width 0.12))
    (fp_line (start -2.05 -3.46) (end -2.05 -4.05) (layer F.SilkS) (width 0.12))
    (fp_line (start -2.05 -4.05) (end -1.35 -4.05) (layer F.SilkS) (width 0.12))
    (fp_line (start 2.05 -3.46) (end 3.2 -3.46) (layer F.SilkS) (width 0.12))
    (fp_line (start -3.96 4.35) (end -3.96 6.01) (layer F.SilkS) (width 0.12))
    (fp_line (start -3.96 6.01) (end 3.96 6.01) (layer F.SilkS) (width 0.12))
    (fp_line (start 3.96 6.01) (end 3.96 4.35) (layer F.SilkS) (width 0.12))
    (fp_line (start -5.9 -0.85) (end -5.9 -4.35) (layer F.CrtYd) (width 0.05))
    (fp_line (start -5.9 -4.35) (end 5.9 -4.35) (layer F.CrtYd) (width 0.05))
    (fp_line (start 5.9 -4.35) (end 5.9 -0.85) (layer F.CrtYd) (width 0.05))
    (fp_line (start 4.35 6.4) (end -4.35 6.4) (layer F.CrtYd) (width 0.05))
    (fp_text user %R (at 0 0 90) (layer F.Fab)
      (effects (font (size 1 1) (thickness 0.15)))
    )
    (fp_line (start -1.9 -3.35) (end -1.6 -2.85) (layer F.Fab) (width 0.1))
    (fp_line (start -1.6 -2.85) (end -1.3 -3.35) (layer F.Fab) (width 0.1))
    (fp_line (start -1.3 -3.35) (end 3.85 -3.35) (layer F.Fab) (width 0.1))
    (fp_line (start -4.35 6.4) (end -4.35 4.65) (layer F.CrtYd) (width 0.05))
    (fp_line (start 4.35 4.65) (end 4.35 6.4) (layer F.CrtYd) (width 0.05))
    (fp_line (start -4.35 1.15) (end -4.35 -0.85) (layer F.CrtYd) (width 0.05))
    (fp_line (start 4.35 -0.85) (end 4.35 1.15) (layer F.CrtYd) (width 0.05))
    (fp_line (start 5.9 4.65) (end 4.35 4.65) (layer F.CrtYd) (width 0.05))
    (fp_line (start 4.35 1.15) (end 5.9 1.15) (layer F.CrtYd) (width 0.05))
    (fp_line (start 5.9 -0.85) (end 4.35 -0.85) (layer F.CrtYd) (width 0.05))
    (fp_line (start 5.9 1.15) (end 5.9 4.65) (layer F.CrtYd) (width 0.05))
    (fp_line (start -4.35 4.65) (end -5.89 4.65) (layer F.CrtYd) (width 0.05))
    (fp_line (start -5.9 1.15) (end -4.35 1.15) (layer F.CrtYd) (width 0.05))
    (fp_line (start -4.35 -0.85) (end -5.9 -0.85) (layer F.CrtYd) (width 0.05))
    (fp_line (start -5.89 4.65) (end -5.9 1.15) (layer F.CrtYd) (width 0.05))
    (pad 6 smd rect (at -4.4 2.9 90) (size 2 2.5) (layers F.Cu F.Paste F.Mask)
      (net 5 GND))
    (pad 6 smd rect (at 4.4 2.9 90) (size 2 2.5) (layers F.Cu F.Paste F.Mask)
      (net 5 GND))
    (pad 6 smd rect (at -4.4 -2.6 90) (size 2 2.5) (layers F.Cu F.Paste F.Mask)
      (net 5 GND))
    (pad 6 smd rect (at 4.4 -2.6 90) (size 2 2.5) (layers F.Cu F.Paste F.Mask)
      (net 5 GND))
    (pad 1 smd rect (at -1.6 -2.6 90) (size 0.5 2.5) (layers F.Cu F.Paste F.Mask)
      (net 10 +5V))
    (pad 2 smd rect (at -0.8 -2.6 90) (size 0.5 2.5) (layers F.Cu F.Paste F.Mask)
      (net 3 "Net-(J4-Pad2)"))
    (pad 3 smd rect (at 0 -2.6 90) (size 0.5 2.5) (layers F.Cu F.Paste F.Mask)
      (net 2 "Net-(J4-Pad3)"))
    (pad 4 smd rect (at 0.8 -2.6 90) (size 0.5 2.5) (layers F.Cu F.Paste F.Mask)
      (net 1 "Net-(J4-Pad4)"))
    (pad 5 smd rect (at 1.6 -2.6 90) (size 0.5 2.5) (layers F.Cu F.Paste F.Mask)
      (net 5 GND))
    (pad "" np_thru_hole circle (at -2.2 0 90) (size 0.9 0.9) (drill 0.9) (layers *.Cu *.Mask))
    (pad "" np_thru_hole circle (at 2.2 0 90) (size 0.9 0.9) (drill 0.9) (layers *.Cu *.Mask))
    (model ${KISYS3DMOD}/Connector_USB.3dshapes/USB_Mini-B_Wuerth_65100516121_Horizontal.wrl
      (at (xyz 0 0 0))
      (scale (xyz 1 1 1))
      (rotate (xyz 0 0 0))
    )
  )

  (module kicad_footprints:micro_stepper1 (layer B.Cu) (tedit 5EDEAAD9) (tstamp 5EF611BB)
    (at 136.398 56.388)
    (path /5EF0B15F)
    (fp_text reference M3 (at 0 3.5) (layer B.SilkS)
      (effects (font (size 1 1) (thickness 0.15)) (justify mirror))
    )
    (fp_text value Stepper_Motor_bipolar (at 0 4) (layer B.Fab)
      (effects (font (size 1 1) (thickness 0.15)) (justify mirror))
    )
    (fp_line (start -3.5 2.5) (end -3.5 -2.5) (layer B.SilkS) (width 0.15))
    (fp_line (start -3.5 -2.5) (end 3.5 -2.5) (layer B.SilkS) (width 0.15))
    (fp_line (start 3.5 -2.5) (end 3.5 2.5) (layer B.SilkS) (width 0.15))
    (fp_line (start 3.5 2.5) (end -3.5 2.5) (layer B.SilkS) (width 0.15))
    (fp_line (start 3.5 0.25) (end 7.5 0.25) (layer B.SilkS) (width 0.15))
    (fp_line (start 7.5 0.25) (end 7.5 -0.25) (layer B.SilkS) (width 0.15))
    (fp_line (start 7.5 -0.25) (end 3.5 -0.25) (layer B.SilkS) (width 0.15))
    (pad 1 thru_hole circle (at -1.5 1.5) (size 2 2) (drill 1.2) (layers *.Cu *.Mask)
      (net 16 /RIGHT_A))
    (pad 3 thru_hole circle (at 1.65 1.5) (size 2 2) (drill 1.2) (layers *.Cu *.Mask)
      (net 17 /RIGHT_C))
    (pad 2 thru_hole circle (at -1.5 -1.4) (size 2 2) (drill 1.2) (layers *.Cu *.Mask)
      (net 18 /RIGHT_B))
    (pad 4 thru_hole circle (at 1.65 -1.4) (size 2 2) (drill 1.2) (layers *.Cu *.Mask)
      (net 19 /RIGHT_D))
  )

  (module kicad_footprints:micro_stepper1 (layer B.Cu) (tedit 5EDEAAD9) (tstamp 5EF611CA)
    (at 136.144 96.012)
    (path /5EF0B559)
    (fp_text reference M4 (at 0 3.5) (layer B.SilkS)
      (effects (font (size 1 1) (thickness 0.15)) (justify mirror))
    )
    (fp_text value Stepper_Motor_bipolar (at 0 4) (layer B.Fab)
      (effects (font (size 1 1) (thickness 0.15)) (justify mirror))
    )
    (fp_line (start 7.5 -0.25) (end 3.5 -0.25) (layer B.SilkS) (width 0.15))
    (fp_line (start 7.5 0.25) (end 7.5 -0.25) (layer B.SilkS) (width 0.15))
    (fp_line (start 3.5 0.25) (end 7.5 0.25) (layer B.SilkS) (width 0.15))
    (fp_line (start 3.5 2.5) (end -3.5 2.5) (layer B.SilkS) (width 0.15))
    (fp_line (start 3.5 -2.5) (end 3.5 2.5) (layer B.SilkS) (width 0.15))
    (fp_line (start -3.5 -2.5) (end 3.5 -2.5) (layer B.SilkS) (width 0.15))
    (fp_line (start -3.5 2.5) (end -3.5 -2.5) (layer B.SilkS) (width 0.15))
    (pad 4 thru_hole circle (at 1.65 -1.4) (size 2 2) (drill 1.2) (layers *.Cu *.Mask)
      (net 19 /RIGHT_D))
    (pad 2 thru_hole circle (at -1.5 -1.4) (size 2 2) (drill 1.2) (layers *.Cu *.Mask)
      (net 18 /RIGHT_B))
    (pad 3 thru_hole circle (at 1.65 1.5) (size 2 2) (drill 1.2) (layers *.Cu *.Mask)
      (net 17 /RIGHT_C))
    (pad 1 thru_hole circle (at -1.5 1.5) (size 2 2) (drill 1.2) (layers *.Cu *.Mask)
      (net 16 /RIGHT_A))
  )

  (module Resistor_SMD:R_0805_2012Metric_Pad1.15x1.40mm_HandSolder (layer F.Cu) (tedit 5B36C52B) (tstamp 5EF611DB)
    (at 223.585001 92.375001)
    (descr "Resistor SMD 0805 (2012 Metric), square (rectangular) end terminal, IPC_7351 nominal with elongated pad for handsoldering. (Body size source: https://docs.google.com/spreadsheets/d/1BsfQQcO9C6DZCsRaXUlFlo91Tg2WpOkGARC1WS5S8t0/edit?usp=sharing), generated with kicad-footprint-generator")
    (tags "resistor handsolder")
    (path /5F0A83D4)
    (attr smd)
    (fp_text reference R1 (at 0 -1.65) (layer F.SilkS)
      (effects (font (size 1 1) (thickness 0.15)))
    )
    (fp_text value 10k (at 0 1.65) (layer F.Fab)
      (effects (font (size 1 1) (thickness 0.15)))
    )
    (fp_line (start -1 0.6) (end -1 -0.6) (layer F.Fab) (width 0.1))
    (fp_line (start -1 -0.6) (end 1 -0.6) (layer F.Fab) (width 0.1))
    (fp_line (start 1 -0.6) (end 1 0.6) (layer F.Fab) (width 0.1))
    (fp_line (start 1 0.6) (end -1 0.6) (layer F.Fab) (width 0.1))
    (fp_line (start -0.261252 -0.71) (end 0.261252 -0.71) (layer F.SilkS) (width 0.12))
    (fp_line (start -0.261252 0.71) (end 0.261252 0.71) (layer F.SilkS) (width 0.12))
    (fp_line (start -1.85 0.95) (end -1.85 -0.95) (layer F.CrtYd) (width 0.05))
    (fp_line (start -1.85 -0.95) (end 1.85 -0.95) (layer F.CrtYd) (width 0.05))
    (fp_line (start 1.85 -0.95) (end 1.85 0.95) (layer F.CrtYd) (width 0.05))
    (fp_line (start 1.85 0.95) (end -1.85 0.95) (layer F.CrtYd) (width 0.05))
    (fp_text user %R (at 0 0) (layer F.Fab)
      (effects (font (size 0.5 0.5) (thickness 0.08)))
    )
    (pad 1 smd roundrect (at -1.025 0) (size 1.15 1.4) (layers F.Cu F.Paste F.Mask) (roundrect_rratio 0.217391)
      (net 20 /IR_VOUT))
    (pad 2 smd roundrect (at 1.025 0) (size 1.15 1.4) (layers F.Cu F.Paste F.Mask) (roundrect_rratio 0.217391)
      (net 5 GND))
    (model ${KISYS3DMOD}/Resistor_SMD.3dshapes/R_0805_2012Metric.wrl
      (at (xyz 0 0 0))
      (scale (xyz 1 1 1))
      (rotate (xyz 0 0 0))
    )
  )

  (module Resistor_SMD:R_0805_2012Metric_Pad1.15x1.40mm_HandSolder (layer F.Cu) (tedit 5B36C52B) (tstamp 5EF611EC)
    (at 228.685001 87.075001)
    (descr "Resistor SMD 0805 (2012 Metric), square (rectangular) end terminal, IPC_7351 nominal with elongated pad for handsoldering. (Body size source: https://docs.google.com/spreadsheets/d/1BsfQQcO9C6DZCsRaXUlFlo91Tg2WpOkGARC1WS5S8t0/edit?usp=sharing), generated with kicad-footprint-generator")
    (tags "resistor handsolder")
    (path /5EF190C0)
    (attr smd)
    (fp_text reference R2 (at 0 -1.65) (layer F.SilkS)
      (effects (font (size 1 1) (thickness 0.15)))
    )
    (fp_text value 10K (at 0 1.65) (layer F.Fab)
      (effects (font (size 1 1) (thickness 0.15)))
    )
    (fp_line (start -1 0.6) (end -1 -0.6) (layer F.Fab) (width 0.1))
    (fp_line (start -1 -0.6) (end 1 -0.6) (layer F.Fab) (width 0.1))
    (fp_line (start 1 -0.6) (end 1 0.6) (layer F.Fab) (width 0.1))
    (fp_line (start 1 0.6) (end -1 0.6) (layer F.Fab) (width 0.1))
    (fp_line (start -0.261252 -0.71) (end 0.261252 -0.71) (layer F.SilkS) (width 0.12))
    (fp_line (start -0.261252 0.71) (end 0.261252 0.71) (layer F.SilkS) (width 0.12))
    (fp_line (start -1.85 0.95) (end -1.85 -0.95) (layer F.CrtYd) (width 0.05))
    (fp_line (start -1.85 -0.95) (end 1.85 -0.95) (layer F.CrtYd) (width 0.05))
    (fp_line (start 1.85 -0.95) (end 1.85 0.95) (layer F.CrtYd) (width 0.05))
    (fp_line (start 1.85 0.95) (end -1.85 0.95) (layer F.CrtYd) (width 0.05))
    (fp_text user %R (at 0 0) (layer F.Fab)
      (effects (font (size 0.5 0.5) (thickness 0.08)))
    )
    (pad 1 smd roundrect (at -1.025 0) (size 1.15 1.4) (layers F.Cu F.Paste F.Mask) (roundrect_rratio 0.217391)
      (net 21 "Net-(R2-Pad1)"))
    (pad 2 smd roundrect (at 1.025 0) (size 1.15 1.4) (layers F.Cu F.Paste F.Mask) (roundrect_rratio 0.217391)
      (net 22 +3V3))
    (model ${KISYS3DMOD}/Resistor_SMD.3dshapes/R_0805_2012Metric.wrl
      (at (xyz 0 0 0))
      (scale (xyz 1 1 1))
      (rotate (xyz 0 0 0))
    )
  )

  (module Resistor_SMD:R_0805_2012Metric_Pad1.15x1.40mm_HandSolder (layer F.Cu) (tedit 5B36C52B) (tstamp 5EF611FD)
    (at 235.435001 78.175001)
    (descr "Resistor SMD 0805 (2012 Metric), square (rectangular) end terminal, IPC_7351 nominal with elongated pad for handsoldering. (Body size source: https://docs.google.com/spreadsheets/d/1BsfQQcO9C6DZCsRaXUlFlo91Tg2WpOkGARC1WS5S8t0/edit?usp=sharing), generated with kicad-footprint-generator")
    (tags "resistor handsolder")
    (path /5EF4D21D)
    (attr smd)
    (fp_text reference R3 (at 0 -1.65) (layer F.SilkS)
      (effects (font (size 1 1) (thickness 0.15)))
    )
    (fp_text value 27R (at 0 1.65) (layer F.Fab)
      (effects (font (size 1 1) (thickness 0.15)))
    )
    (fp_line (start -1 0.6) (end -1 -0.6) (layer F.Fab) (width 0.1))
    (fp_line (start -1 -0.6) (end 1 -0.6) (layer F.Fab) (width 0.1))
    (fp_line (start 1 -0.6) (end 1 0.6) (layer F.Fab) (width 0.1))
    (fp_line (start 1 0.6) (end -1 0.6) (layer F.Fab) (width 0.1))
    (fp_line (start -0.261252 -0.71) (end 0.261252 -0.71) (layer F.SilkS) (width 0.12))
    (fp_line (start -0.261252 0.71) (end 0.261252 0.71) (layer F.SilkS) (width 0.12))
    (fp_line (start -1.85 0.95) (end -1.85 -0.95) (layer F.CrtYd) (width 0.05))
    (fp_line (start -1.85 -0.95) (end 1.85 -0.95) (layer F.CrtYd) (width 0.05))
    (fp_line (start 1.85 -0.95) (end 1.85 0.95) (layer F.CrtYd) (width 0.05))
    (fp_line (start 1.85 0.95) (end -1.85 0.95) (layer F.CrtYd) (width 0.05))
    (fp_text user %R (at 0 0) (layer F.Fab)
      (effects (font (size 0.5 0.5) (thickness 0.08)))
    )
    (pad 1 smd roundrect (at -1.025 0) (size 1.15 1.4) (layers F.Cu F.Paste F.Mask) (roundrect_rratio 0.217391)
      (net 23 /USB_D+))
    (pad 2 smd roundrect (at 1.025 0) (size 1.15 1.4) (layers F.Cu F.Paste F.Mask) (roundrect_rratio 0.217391)
      (net 2 "Net-(J4-Pad3)"))
    (model ${KISYS3DMOD}/Resistor_SMD.3dshapes/R_0805_2012Metric.wrl
      (at (xyz 0 0 0))
      (scale (xyz 1 1 1))
      (rotate (xyz 0 0 0))
    )
  )

  (module Resistor_SMD:R_0805_2012Metric_Pad1.15x1.40mm_HandSolder (layer F.Cu) (tedit 5B36C52B) (tstamp 5EF6120E)
    (at 233.435001 84.075001)
    (descr "Resistor SMD 0805 (2012 Metric), square (rectangular) end terminal, IPC_7351 nominal with elongated pad for handsoldering. (Body size source: https://docs.google.com/spreadsheets/d/1BsfQQcO9C6DZCsRaXUlFlo91Tg2WpOkGARC1WS5S8t0/edit?usp=sharing), generated with kicad-footprint-generator")
    (tags "resistor handsolder")
    (path /5EF4D677)
    (attr smd)
    (fp_text reference R4 (at 0 -1.65) (layer F.SilkS)
      (effects (font (size 1 1) (thickness 0.15)))
    )
    (fp_text value 27R (at 0 1.65) (layer F.Fab)
      (effects (font (size 1 1) (thickness 0.15)))
    )
    (fp_text user %R (at 0 0) (layer F.Fab)
      (effects (font (size 0.5 0.5) (thickness 0.08)))
    )
    (fp_line (start 1.85 0.95) (end -1.85 0.95) (layer F.CrtYd) (width 0.05))
    (fp_line (start 1.85 -0.95) (end 1.85 0.95) (layer F.CrtYd) (width 0.05))
    (fp_line (start -1.85 -0.95) (end 1.85 -0.95) (layer F.CrtYd) (width 0.05))
    (fp_line (start -1.85 0.95) (end -1.85 -0.95) (layer F.CrtYd) (width 0.05))
    (fp_line (start -0.261252 0.71) (end 0.261252 0.71) (layer F.SilkS) (width 0.12))
    (fp_line (start -0.261252 -0.71) (end 0.261252 -0.71) (layer F.SilkS) (width 0.12))
    (fp_line (start 1 0.6) (end -1 0.6) (layer F.Fab) (width 0.1))
    (fp_line (start 1 -0.6) (end 1 0.6) (layer F.Fab) (width 0.1))
    (fp_line (start -1 -0.6) (end 1 -0.6) (layer F.Fab) (width 0.1))
    (fp_line (start -1 0.6) (end -1 -0.6) (layer F.Fab) (width 0.1))
    (pad 2 smd roundrect (at 1.025 0) (size 1.15 1.4) (layers F.Cu F.Paste F.Mask) (roundrect_rratio 0.217391)
      (net 3 "Net-(J4-Pad2)"))
    (pad 1 smd roundrect (at -1.025 0) (size 1.15 1.4) (layers F.Cu F.Paste F.Mask) (roundrect_rratio 0.217391)
      (net 24 /USB_D-))
    (model ${KISYS3DMOD}/Resistor_SMD.3dshapes/R_0805_2012Metric.wrl
      (at (xyz 0 0 0))
      (scale (xyz 1 1 1))
      (rotate (xyz 0 0 0))
    )
  )

  (module Resistor_SMD:R_0805_2012Metric_Pad1.15x1.40mm_HandSolder (layer F.Cu) (tedit 5B36C52B) (tstamp 5EF6121F)
    (at 235.435001 81.125001)
